data/DEM_PF_10m_cut.dat
ncols         211
 nrows         181
 xllcorner     0.000000
 xllcorner     0.000000
 cellsize      10.000000
 NODATA_value -99999
[rows 24 to 47 of 181, columns 54 to 107 of 211]
2484.200000 2484.600000 2485.000000 2485.800000 2486.600000 2487.400000 2488.200000 2489.000000 2490.200000 2491.400000 2492.600000 2493.800000 2495.000000 2496.600000 2498.200000 2499.200000 2499.600000 2500.000000 2500.000000 2500.000000 2500.000000 2500.000000 2500.000000 2499.200000 2498.400000 2497.800000 2497.400000 2497.000000 2497.400000 2497.800000 2498.000000 2498.000000 2498.000000 2498.000000 2498.000000 2498.000000 2498.000000 2498.000000 2498.000000 2498.000000 2497.800000 2497.400000 2497.000000 2496.600000 2496.200000 2496.000000 2496.000000 2496.000000 2496.000000 2496.000000 2496.000000 2496.000000 2496.000000 2495.200000
2487.600000 2488.200000 2488.600000 2489.000000 2489.800000 2490.600000 2491.400000 2492.200000 2493.400000 2494.600000 2495.800000 2497.000000 2498.200000 2499.000000 2500.600000 2501.800000 2502.400000 2502.800000 2503.200000 2503.200000 2503.400000 2503.600000 2503.600000 2503.200000 2502.400000 2501.600000 2501.000000 2500.600000 2501.000000 2501.400000 2501.400000 2501.200000 2501.200000 2501.600000 2501.600000 2501.400000 2501.200000 2501.200000 2500.800000 2500.800000 2500.600000 2500.200000 2499.800000 2499.400000 2499.000000 2498.800000 2498.800000 2498.800000 2499.200000 2499.200000 2499.000000 2498.800000 2498.800000 2498.400000
2490.800000 2491.600000 2492.200000 2492.600000 2493.000000 2493.800000 2494.600000 2495.400000 2496.600000 2497.800000 2499.000000 2500.200000 2501.400000 2502.200000 2503.000000 2504.200000 2505.000000 2505.600000 2506.000000 2506.400000 2506.600000 2507.000000 2507.200000 2506.800000 2506.400000 2505.600000 2504.800000 2504.200000 2504.600000 2505.000000 2505.000000 2504.600000 2504.400000 2504.800000 2505.200000 2505.000000 2504.600000 2504.400000 2504.000000 2503.600000 2503.400000 2503.000000 2502.600000 2502.200000 2501.800000 2501.600000 2501.600000 2501.600000 2502.000000 2502.400000 2502.200000 2501.800000 2501.600000 2501.200000
2494.000000 2494.800000 2495.600000 2496.200000 2496.600000 2497.200000 2498.000000 2498.800000 2499.800000 2501.000000 2502.000000 2503.200000 2504.400000 2505.200000 2506.000000 2506.600000 2507.400000 2508.200000 2508.800000 2509.200000 2509.600000 2510.000000 2510.400000 2510.200000 2509.800000 2509.400000 2508.600000 2507.800000 2508.000000 2508.400000 2508.400000 2508.000000 2507.600000 2507.800000 2508.200000 2508.400000 2508.000000 2507.600000 2507.000000 2506.600000 2506.200000 2505.800000 2505.400000 2505.000000 2504.600000 2504.400000 2504.400000 2504.400000 2504.800000 2505.200000 2505.200000 2504.800000 2504.400000 2504.200000
2497.600000 2498.000000 2498.800000 2499.600000 2500.200000 2500.800000 2501.600000 2502.400000 2503.200000 2504.200000 2505.200000 2506.000000 2507.200000 2508.000000 2508.800000 2509.400000 2509.800000 2510.600000 2511.400000 2512.000000 2512.400000 2512.800000 2513.200000 2513.200000 2513.000000 2512.600000 2512.200000 2511.400000 2511.400000 2511.600000 2511.600000 2511.200000 2510.800000 2510.800000 2511.000000 2511.200000 2511.200000 2510.800000 2510.000000 2509.400000 2509.000000 2508.600000 2508.200000 2507.800000 2507.400000 2507.200000 2507.200000 2507.200000 2507.600000 2508.000000 2508.000000 2507.600000 2507.200000 2507.200000
2501.200000 2501.600000 2502.000000 2502.800000 2503.600000 2504.400000 2505.200000 2506.000000 2506.800000 2507.600000 2508.400000 2509.200000 2510.000000 2510.800000 2511.600000 2512.200000 2512.600000 2513.000000 2513.800000 2514.600000 2515.200000 2515.600000 2516.000000 2516.000000 2516.000000 2515.800000 2515.400000 2515.000000 2515.000000 2515.000000 2514.800000 2514.400000 2514.000000 2514.000000 2514.000000 2514.000000 2514.000000 2514.000000 2513.200000 2512.400000 2511.800000 2511.400000 2511.000000 2510.600000 2510.200000 2510.000000 2510.000000 2510.000000 2510.400000 2510.800000 2510.800000 2510.400000 2510.000000 2510.000000
2504.400000 2504.800000 2505.200000 2506.000000 2506.800000 2507.600000 2508.400000 2509.200000 2510.000000 2510.800000 2511.400000 2512.000000 2512.800000 2513.200000 2514.000000 2514.600000 2515.000000 2515.400000 2516.200000 2517.000000 2517.600000 2518.000000 2518.400000 2518.800000 2518.800000 2518.600000 2518.200000 2517.800000 2517.800000 2517.800000 2517.600000 2517.200000 2516.800000 2516.800000 2516.800000 2516.800000 2516.800000 2516.800000 2516.400000 2515.600000 2514.600000 2513.800000 2513.400000 2513.000000 2512.600000 2512.400000 2512.400000 2512.400000 2512.400000 2512.800000 2513.000000 2512.800000 2512.400000 2512.000000
2507.600000 2508.000000 2508.400000 2509.200000 2510.000000 2510.800000 2511.600000 2512.400000 2513.200000 2514.000000 2514.600000 2515.000000 2515.600000 2516.000000 2516.400000 2517.000000 2517.400000 2517.800000 2518.600000 2519.400000 2520.000000 2520.400000 2520.800000 2521.200000 2521.600000 2521.400000 2521.000000 2520.600000 2520.600000 2520.600000 2520.400000 2520.000000 2519.600000 2519.600000 2519.600000 2519.600000 2519.600000 2519.600000 2519.200000 2518.800000 2517.800000 2516.600000 2515.800000 2515.400000 2515.000000 2514.800000 2514.800000 2514.800000 2514.800000 2514.800000 2515.000000 2515.000000 2514.800000 2514.400000
2510.600000 2511.000000 2511.400000 2512.200000 2513.000000 2514.000000 2514.800000 2515.600000 2516.200000 2517.000000 2517.600000 2518.000000 2518.400000 2519.000000 2519.400000 2519.600000 2520.000000 2520.400000 2521.200000 2522.000000 2522.600000 2523.000000 2523.400000 2523.600000 2524.000000 2524.000000 2523.600000 2523.200000 2523.200000 2523.200000 2523.200000 2522.800000 2522.400000 2522.400000 2522.400000 2522.200000 2522.200000 2522.200000 2521.600000 2521.200000 2520.600000 2519.400000 2518.200000 2517.800000 2517.400000 2517.200000 2517.200000 2517.200000 2517.200000 2517.200000 2517.200000 2517.200000 2517.200000 2516.800000
2513.400000 2513.800000 2514.200000 2515.000000 2515.800000 2516.800000 2518.000000 2518.800000 2519.200000 2519.800000 2520.400000 2520.800000 2521.200000 2522.000000 2522.600000 2522.800000 2522.800000 2523.200000 2524.000000 2524.800000 2525.400000 2525.800000 2526.200000 2526.200000 2526.400000 2526.400000 2526.000000 2525.600000 2525.600000 2525.600000 2525.600000 2525.600000 2525.200000 2525.200000 2525.200000 2525.000000 2524.600000 2524.600000 2523.800000 2523.200000 2522.600000 2521.800000 2520.600000 2520.200000 2519.800000 2519.600000 2519.600000 2519.600000 2519.600000 2519.600000 2519.600000 2519.600000 2519.600000 2519.200000
2516.200000 2516.600000 2517.000000 2517.800000 2518.600000 2519.600000 2520.800000 2522.000000 2522.400000 2522.800000 2523.200000 2523.600000 2524.000000 2524.800000 2525.600000 2526.000000 2526.000000 2526.000000 2526.800000 2527.600000 2528.200000 2528.600000 2529.000000 2529.000000 2529.000000 2528.800000 2528.400000 2528.000000 2528.000000 2528.000000 2528.000000 2528.000000 2528.000000 2528.000000 2528.000000 2527.800000 2527.400000 2527.000000 2526.200000 2525.400000 2524.600000 2523.800000 2523.000000 2522.600000 2522.200000 2522.000000 2522.000000 2522.000000 2522.000000 2522.000000 2522.000000 2522.000000 2522.000000 2521.600000
2519.200000 2519.800000 2520.200000 2521.000000 2521.800000 2522.600000 2523.600000 2524.800000 2525.200000 2525.600000 2526.000000 2526.400000 2526.800000 2527.600000 2528.400000 2529.000000 2529.200000 2529.200000 2529.200000 2530.000000 2530.600000 2531.000000 2531.400000 2531.000000 2531.000000 2531.000000 2530.800000 2530.400000 2530.400000 2530.400000 2530.600000 2530.800000 2530.800000 2530.400000 2530.400000 2530.200000 2529.800000 2529.400000 2528.600000 2527.800000 2527.000000 2526.200000 2525.400000 2525.400000 2525.000000 2524.800000 2524.800000 2524.800000 2524.400000 2524.400000 2524.200000 2524.000000 2524.000000 2523.600000
2522.000000 2522.800000 2523.400000 2524.200000 2525.000000 2525.800000 2526.600000 2527.600000 2528.000000 2528.400000 2528.800000 2529.200000 2529.600000 2530.400000 2531.200000 2531.800000 2532.200000 2532.400000 2532.400000 2532.400000 2533.000000 2533.400000 2533.800000 2533.400000 2533.000000 2533.000000 2533.000000 2532.800000 2532.800000 2532.800000 2533.000000 2533.400000 2533.600000 2533.200000 2532.800000 2532.600000 2532.200000 2531.800000 2531.000000 2530.200000 2529.400000 2528.600000 2527.800000 2527.800000 2527.800000 2527.600000 2527.600000 2527.600000 2527.200000 2526.800000 2526.600000 2526.200000 2526.000000 2525.600000
2524.800000 2525.600000 2526.400000 2527.200000 2528.000000 2528.800000 2529.600000 2530.400000 2530.800000 2531.200000 2531.400000 2531.800000 2532.200000 2533.000000 2533.800000 2534.400000 2534.800000 2535.200000 2535.200000 2535.200000 2535.200000 2535.600000 2536.000000 2535.600000 2535.200000 2535.000000 2535.000000 2535.000000 2535.200000 2535.200000 2535.400000 2535.800000 2536.200000 2536.000000 2535.600000 2535.000000 2534.600000 2534.200000 2533.400000 2532.600000 2531.800000 2531.000000 2530.200000 2530.400000 2530.400000 2530.200000 2530.200000 2530.200000 2529.800000 2529.400000 2529.000000 2528.600000 2528.200000 2527.800000
2527.600000 2528.400000 2529.200000 2530.000000 2530.800000 2531.600000 2532.400000 2533.200000 2533.600000 2534.000000 2534.200000 2534.200000 2534.600000 2535.400000 2536.200000 2536.800000 2537.200000 2537.600000 2537.600000 2537.600000 2537.600000 2537.600000 2538.000000 2537.600000 2537.200000 2537.000000 2537.000000 2537.000000 2537.400000 2537.600000 2537.800000 2538.200000 2538.600000 2538.600000 2538.400000 2537.800000 2537.000000 2536.600000 2535.800000 2535.000000 2534.200000 2533.400000 2532.600000 2533.000000 2533.200000 2533.000000 2532.600000 2532.600000 2532.200000 2531.800000 2531.400000 2531.000000 2530.600000 2530.200000
2530.400000 2531.200000 2532.000000 2532.800000 2533.600000 2534.400000 2535.200000 2536.000000 2536.400000 2536.800000 2537.000000 2537.000000 2537.000000 2537.800000 2538.600000 2539.200000 2539.600000 2540.000000 2540.000000 2540.000000 2540.000000 2540.000000 2540.000000 2539.600000 2539.200000 2539.000000 2539.000000 2539.000000 2539.400000 2539.800000 2540.200000 2540.600000 2541.000000 2541.000000 2541.000000 2540.600000 2539.800000 2539.000000 2538.200000 2537.400000 2536.600000 2535.800000 2535.000000 2535.400000 2535.800000 2535.800000 2535.400000 2535.000000 2534.600000 2534.200000 2533.800000 2533.400000 2533.000000 2532.600000
2532.800000 2533.600000 2534.400000 2535.200000 2536.000000 2536.800000 2537.600000 2538.400000 2538.400000 2538.800000 2539.200000 2539.400000 2539.400000 2539.800000 2540.600000 2541.200000 2541.600000 2542.000000 2541.600000 2541.600000 2541.600000 2541.600000 2541.600000 2541.600000 2541.200000 2541.200000 2541.400000 2541.400000 2541.400000 2541.800000 2542.200000 2542.600000 2543.000000 2543.000000 2543.000000 2542.600000 2541.800000 2541.000000 2540.600000 2539.800000 2539.200000 2538.600000 2537.800000 2537.800000 2538.200000 2538.200000 2537.800000 2537.400000 2537.400000 2537.000000 2536.800000 2536.600000 2536.200000 2535.400000
2535.200000 2536.000000 2536.800000 2537.600000 2538.400000 2539.200000 2540.000000 2540.800000 2540.800000 2540.800000 2541.200000 2541.600000 2541.800000 2542.200000 2542.600000 2543.200000 2543.600000 2544.000000 2543.600000 2543.200000 2543.200000 2543.200000 2543.200000 2543.200000 2543.200000 2543.200000 2543.600000 2543.800000 2543.800000 2543.800000 2544.200000 2544.600000 2545.000000 2545.000000 2545.000000 2544.600000 2543.800000 2543.000000 2542.600000 2542.200000 2541.600000 2541.200000 2540.600000 2540.600000 2540.600000 2540.600000 2540.200000 2539.800000 2539.800000 2539.800000 2539.600000 2539.600000 2539.400000 2538.600000
2537.400000 2538.200000 2539.000000 2539.800000 2540.600000 2541.200000 2542.000000 2542.800000 2542.800000 2542.800000 2543.000000 2543.400000 2543.800000 2544.200000 2544.600000 2544.800000 2545.200000 2545.600000 2545.400000 2545.000000 2544.800000 2544.800000 2544.800000 2545.000000 2545.000000 2545.200000 2545.600000 2546.000000 2546.200000 2546.200000 2546.200000 2546.600000 2547.000000 2547.000000 2547.000000 2546.800000 2546.000000 2545.200000 2544.800000 2544.400000 2544.000000 2543.600000 2543.200000 2543.000000 2543.000000 2542.600000 2542.200000 2541.800000 2541.600000 2541.600000 2541.600000 2541.600000 2541.600000 2541.000000
2539.800000 2540.200000 2541.000000 2541.800000 2542.600000 2543.200000 2543.600000 2544.400000 2544.400000 2544.400000 2544.600000 2545.000000 2545.400000 2545.800000 2546.200000 2546.400000 2546.400000 2546.800000 2546.800000 2546.600000 2546.400000 2546.400000 2546.400000 2546.800000 2547.000000 2547.200000 2547.600000 2548.000000 2548.400000 2548.600000 2548.600000 2548.600000 2549.000000 2549.000000 2549.000000 2548.800000 2548.400000 2547.600000 2547.200000 2546.800000 2546.400000 2546.000000 2545.600000 2545.200000 2545.000000 2544.600000 2543.800000 2543.400000 2543.000000 2542.800000 2542.800000 2542.800000 2542.800000 2542.400000
2542.200000 2542.600000 2543.000000 2543.800000 2544.600000 2545.200000 2545.600000 2546.000000 2546.000000 2546.000000 2546.200000 2546.600000 2547.000000 2547.400000 2547.800000 2548.000000 2548.000000 2548.000000 2548.000000 2548.000000 2548.000000 2548.000000 2548.000000 2548.400000 2548.800000 2549.200000 2549.600000 2550.000000 2550.400000 2550.800000 2551.000000 2551.000000 2551.000000 2551.000000 2551.000000 2550.800000 2550.400000 2550.000000 2549.600000 2549.200000 2548.800000 2548.400000 2548.000000 2547.600000 2547.200000 2546.600000 2545.800000 2545.000000 2544.600000 2544.200000 2544.000000 2544.000000 2544.000000 2543.600000
2544.400000 2545.000000 2545.400000 2545.400000 2546.200000 2547.000000 2547.600000 2548.000000 2548.000000 2548.000000 2548.200000 2548.600000 2549.000000 2549.400000 2549.800000 2550.000000 2550.000000 2550.000000 2550.000000 2550.000000 2550.000000 2550.000000 2550.000000 2550.400000 2550.800000 2551.200000 2551.600000 2552.000000 2552.000000 2552.400000 2552.800000 2553.000000 2553.000000 2553.000000 2553.000000 2552.800000 2552.400000 2552.000000 2551.600000 2551.200000 2550.800000 2550.400000 2550.000000 2549.600000 2549.200000 2548.600000 2547.800000 2547.000000 2546.200000 2545.800000 2545.600000 2545.600000 2545.600000 2545.200000
2546.400000 2547.200000 2547.800000 2547.800000 2547.800000 2548.600000 2549.400000 2550.000000 2550.000000 2550.000000 2550.200000 2550.600000 2551.000000 2551.400000 2551.800000 2552.000000 2552.000000 2552.000000 2552.000000 2552.000000 2552.000000 2552.000000 2552.000000 2552.400000 2552.800000 2553.200000 2553.600000 2554.000000 2554.000000 2554.000000 2554.400000 2554.800000 2555.000000 2555.000000 2555.000000 2554.800000 2554.400000 2554.000000 2553.600000 2553.200000 2552.800000 2552.400000 2552.000000 2551.600000 2551.200000 2550.600000 2549.800000 2549.000000 2548.200000 2547.400000 2547.200000 2547.200000 2547.200000 2546.800000
2548.400000 2549.200000 2550.000000 2550.200000 2550.200000 2550.600000 2551.400000 2552.200000 2552.200000 2552.200000 2552.400000 2552.800000 2553.200000 2553.200000 2553.600000 2553.800000 2553.800000 2553.800000 2553.800000 2553.800000 2554.200000 2554.200000 2554.200000 2554.400000 2554.800000 2555.000000 2555.400000 2555.800000 2556.000000 2556.000000 2556.200000 2556.600000 2557.000000 2557.000000 2557.000000 2557.000000 2556.600000 2556.200000 2555.800000 2555.400000 2554.600000 2554.200000 2553.800000 2553.200000 2552.800000 2552.200000 2551.400000 2550.600000 2550.000000 2549.200000 2548.800000 2548.800000 2548.800000 2548.200000
