data/DEM_PF_10m_cut.dat
ncols         211
 nrows         181
 xllcorner     0.000000
 xllcorner     0.000000
 cellsize      10.000000
 NODATA_value -99999
[rows 48 to 71 of 181, columns 54 to 107 of 211]
2550.400000 2551.200000 2552.000000 2552.400000 2552.600000 2553.000000 2553.800000 2554.600000 2554.600000 2554.600000 2554.800000 2555.200000 2555.600000 2555.200000 2555.200000 2555.400000 2555.400000 2555.400000 2555.400000 2555.400000 2555.800000 2556.600000 2556.600000 2556.600000 2556.800000 2557.000000 2557.000000 2557.400000 2557.800000 2558.000000 2558.200000 2558.600000 2559.000000 2559.000000 2559.000000 2559.000000 2559.000000 2558.600000 2558.200000 2557.800000 2557.000000 2555.800000 2555.400000 2554.600000 2554.000000 2553.400000 2552.600000 2551.800000 2551.400000 2550.800000 2550.400000 2550.400000 2550.400000 2549.600000
2552.400000 2553.200000 2554.000000 2554.400000 2554.800000 2555.400000 2556.200000 2557.000000 2557.000000 2557.000000 2557.200000 2557.600000 2558.000000 2557.600000 2557.200000 2557.000000 2557.000000 2557.000000 2557.000000 2557.000000 2557.400000 2558.200000 2559.000000 2559.000000 2559.000000 2559.000000 2559.000000 2559.000000 2559.400000 2559.800000 2560.200000 2560.600000 2561.000000 2561.000000 2561.000000 2561.000000 2561.000000 2561.000000 2560.600000 2560.200000 2559.400000 2558.200000 2557.000000 2556.200000 2555.400000 2554.600000 2553.800000 2553.000000 2552.600000 2552.200000 2552.000000 2552.000000 2552.000000 2551.200000
2554.800000 2555.600000 2556.400000 2556.800000 2557.200000 2557.800000 2558.600000 2559.400000 2559.400000 2559.400000 2559.400000 2559.600000 2560.000000 2559.600000 2559.200000 2558.800000 2558.600000 2558.600000 2559.000000 2559.000000 2559.400000 2560.200000 2561.000000 2561.000000 2561.000000 2561.200000 2561.400000 2561.400000 2561.400000 2561.800000 2562.000000 2562.200000 2562.600000 2563.000000 2563.000000 2562.800000 2562.600000 2562.600000 2562.200000 2561.800000 2561.200000 2560.200000 2559.000000 2557.800000 2557.000000 2556.200000 2555.400000 2554.600000 2546.560000 2546.160000 2544.010000 2542.060000 2542.060000 2528.700000
2557.200000 2558.000000 2558.800000 2559.200000 2559.600000 2560.200000 2561.000000 2561.800000 2561.800000 2561.800000 2561.800000 2561.800000 2562.000000 2561.600000 2561.200000 2560.800000 2560.400000 2560.200000 2560.600000 2561.000000 2561.400000 2562.200000 2563.000000 2563.000000 2563.000000 2563.200000 2563.600000 2563.800000 2563.800000 2563.800000 2564.000000 2564.000000 2564.200000 2564.600000 2565.000000 2564.800000 2564.400000 2564.200000 2563.800000 2563.400000 2562.800000 2562.000000 2561.000000 2559.800000 2558.600000 2557.800000 2557.000000 2556.200000 2548.160000 2540.120000 2537.970000 2534.060000 2532.110000 2518.750000
2559.400000 2560.200000 2561.000000 2561.600000 2562.000000 2562.200000 2563.000000 2563.800000 2563.800000 2563.800000 2564.000000 2564.000000 2564.000000 2563.800000 2563.400000 2563.000000 2562.600000 2562.200000 2562.400000 2562.800000 2563.200000 2564.000000 2564.800000 2565.000000 2565.000000 2565.000000 2565.400000 2565.800000 2566.000000 2566.000000 2566.000000 2566.000000 2566.000000 2566.200000 2566.600000 2566.800000 2566.400000 2566.000000 2565.400000 2565.000000 2564.200000 2563.400000 2562.600000 2561.600000 2560.400000 2550.150000 2549.350000 2548.550000 2536.420000 2528.380000 2510.500000 2506.600000 2502.700000 2496.600000
2561.800000 2562.200000 2563.000000 2563.800000 2564.400000 2564.600000 2564.600000 2565.400000 2565.400000 2565.400000 2565.600000 2566.000000 2566.000000 2566.000000 2565.800000 2565.400000 2565.000000 2564.600000 2564.600000 2564.800000 2565.200000 2565.600000 2566.400000 2566.800000 2567.000000 2567.000000 2567.000000 2567.400000 2567.800000 2568.000000 2568.000000 2568.000000 2568.000000 2568.000000 2568.200000 2568.400000 2568.400000 2568.000000 2567.200000 2566.600000 2565.800000 2564.600000 2563.800000 2563.000000 2562.000000 2551.750000 2532.450000 2531.650000 2515.430000 2503.290000 2485.420000 2457.710000 2453.810000 2454.970000
2564.200000 2564.600000 2565.000000 2565.800000 2566.600000 2567.000000 2567.000000 2567.000000 2567.000000 2567.000000 2567.200000 2567.600000 2568.000000 2568.000000 2568.000000 2567.800000 2567.400000 2567.000000 2567.000000 2567.000000 2567.200000 2567.600000 2568.000000 2568.400000 2568.800000 2569.000000 2569.000000 2569.000000 2569.400000 2569.800000 2570.000000 2570.000000 2570.000000 2570.000000 2570.000000 2570.000000 2570.000000 2570.000000 2569.200000 2568.400000 2567.400000 2566.200000 2565.000000 2564.200000 2563.400000 2553.350000 2534.050000 2514.750000 2498.530000 2482.300000 2460.340000 2432.630000 2404.920000 2406.080000
2566.400000 2566.600000 2567.000000 2567.800000 2568.600000 2569.000000 2569.000000 2569.000000 2569.000000 2569.000000 2569.200000 2569.600000 2570.000000 2570.000000 2570.000000 2569.800000 2569.400000 2569.000000 2569.000000 2569.000000 2569.200000 2569.600000 2570.000000 2570.000000 2570.400000 2570.800000 2571.000000 2571.000000 2571.000000 2571.400000 2571.600000 2571.600000 2571.600000 2571.600000 2571.600000 2571.400000 2571.200000 2571.200000 2570.400000 2569.600000 2568.960000 2568.110000 2566.910000 2534.700000 2533.900000 2515.560000 2487.970000 2468.670000 2444.900000 2428.670000 2425.180000 2415.950000 2388.240000 2393.570000
2568.800000 2568.800000 2569.000000 2569.800000 2570.600000 2571.000000 2571.000000 2571.000000 2571.000000 2571.000000 2571.200000 2571.600000 2572.000000 2572.000000 2572.000000 2571.800000 2571.400000 2571.000000 2571.000000 2571.000000 2571.200000 2571.600000 2572.000000 2572.000000 2572.000000 2572.400000 2572.800000 2573.000000 2573.000000 2573.000000 2573.200000 2573.200000 2573.200000 2573.200000 2573.200000 2573.000000 2572.600000 2572.400000 2571.600000 2570.800000 2570.160000 2569.670000 2568.820000 2536.610000 2504.400000 2486.060000 2450.180000 2422.590000 2398.820000 2375.050000 2371.560000 2380.800000 2371.570000 2376.890000
2571.200000 2571.200000 2571.200000 2571.800000 2572.600000 2573.000000 2573.000000 2573.000000 2573.000000 2573.000000 2573.400000 2573.800000 2574.200000 2574.200000 2574.200000 2574.000000 2573.600000 2573.200000 2573.000000 2573.000000 2573.000000 2573.400000 2573.800000 2574.000000 2574.000000 2574.000000 2574.400000 2574.800000 2574.800000 2574.800000 2574.800000 2574.800000 2574.800000 2574.600000 2574.600000 2574.200000 2573.800000 2573.400000 2560.330000 2559.530000 2542.630000 2542.140000 2541.650000 2517.720000 2485.510000 2461.030000 2425.150000 2389.270000 2371.060000 2347.290000 2338.970000 2348.210000 2357.460000 2360.490000
2573.600000 2573.600000 2573.600000 2574.000000 2574.600000 2575.000000 2575.000000 2575.000000 2575.000000 2575.000000 2575.400000 2576.200000 2576.600000 2576.600000 2576.600000 2576.400000 2576.000000 2575.600000 2575.200000 2575.000000 2575.000000 2575.000000 2575.400000 2575.800000 2576.000000 2576.000000 2576.000000 2576.400000 2576.400000 2576.400000 2576.400000 2576.400000 2576.400000 2576.000000 2575.800000 2575.400000 2574.600000 2574.200000 2548.870000 2535.800000 2518.900000 2485.890000 2485.400000 2469.750000 2445.820000 2421.340000 2404.590000 2368.710000 2356.060000 2337.850000 2329.530000 2336.670000 2345.910000 2346.660000
2576.000000 2576.000000 2576.000000 2576.400000 2576.800000 2577.000000 2577.000000 2577.000000 2577.000000 2577.000000 2577.400000 2578.200000 2579.000000 2579.000000 2579.000000 2578.800000 2578.400000 2578.000000 2577.600000 2577.200000 2577.000000 2577.000000 2577.000000 2577.400000 2577.800000 2578.000000 2578.000000 2578.000000 2578.000000 2578.000000 2578.000000 2578.000000 2578.000000 2577.600000 2577.200000 2576.600000 2575.800000 2575.000000 2549.670000 2524.340000 2495.170000 2462.160000 2429.150000 2413.500000 2397.850000 2381.650000 2364.900000 2348.150000 2335.500000 2322.850000 2320.090000 2327.230000 2334.370000 2335.120000
2578.400000 2578.400000 2578.400000 2578.400000 2578.800000 2579.000000 2579.000000 2579.000000 2579.400000 2579.400000 2579.600000 2580.200000 2581.000000 2581.000000 2581.000000 2580.800000 2580.400000 2580.000000 2579.600000 2579.200000 2579.000000 2579.000000 2579.000000 2579.000000 2579.400000 2579.600000 2579.600000 2579.600000 2579.600000 2579.600000 2579.400000 2579.200000 2579.200000 2562.960000 2562.560000 2554.050000 2545.340000 2544.540000 2525.320000 2499.980000 2470.850000 2437.880000 2404.870000 2395.680000 2380.030000 2366.310000 2352.030000 2335.290000 2327.980000 2315.330000 2306.850000 2308.280000 2315.420000 2310.430000
2580.800000 2580.800000 2580.800000 2580.800000 2580.800000 2581.000000 2581.000000 2581.000000 2581.400000 2581.800000 2582.000000 2582.400000 2583.000000 2583.000000 2583.000000 2582.800000 2582.400000 2582.000000 2581.600000 2581.200000 2581.000000 2581.000000 2581.000000 2581.000000 2581.000000 2581.200000 2581.200000 2581.200000 2581.200000 2581.200000 2581.000000 2580.600000 2580.400000 2564.160000 2547.910000 2539.400000 2522.780000 2514.070000 2494.850000 2475.630000 2446.500000 2413.560000 2380.590000 2371.400000 2362.210000 2348.490000 2336.690000 2322.420000 2315.110000 2307.810000 2299.330000 2295.040000 2296.470000 2291.480000
2583.200000 2583.200000 2583.200000 2583.200000 2583.200000 2583.200000 2583.200000 2583.200000 2583.400000 2583.800000 2584.000000 2584.400000 2584.800000 2585.000000 2585.000000 2584.800000 2584.400000 2584.000000 2583.600000 2583.200000 2582.800000 2582.800000 2582.800000 2582.800000 2582.800000 2582.600000 2582.600000 2582.600000 2582.400000 2582.400000 2581.690000 2581.290000 2580.890000 2562.390000 2546.150000 2522.310000 2505.690000 2489.070000 2466.410000 2447.190000 2430.920000 2397.980000 2365.050000 2353.650000 2344.460000 2336.890000 2325.090000 2313.300000 2307.100000 2299.790000 2292.740000 2288.450000 2284.160000 2278.730000
2585.600000 2585.600000 2585.600000 2585.600000 2585.600000 2585.600000 2585.600000 2585.600000 2585.600000 2585.800000 2586.000000 2586.000000 2586.400000 2586.800000 2587.000000 2586.800000 2586.400000 2586.000000 2585.600000 2585.200000 2584.800000 2584.400000 2584.400000 2584.400000 2584.400000 2584.200000 2583.800000 2583.800000 2583.400000 2583.200000 2582.490000 2581.060000 2580.660000 2559.910000 2541.420000 2517.580000 2486.150000 2469.530000 2443.430000 2420.760000 2404.490000 2391.170000 2358.240000 2344.640000 2333.240000 2325.670000 2319.700000 2307.910000 2302.820000 2296.620000 2289.570000 2282.790000 2278.500000 2272.620000
2588.000000 2588.000000 2588.000000 2588.000000 2588.000000 2588.000000 2588.000000 2588.000000 2588.000000 2588.000000 2588.000000 2588.000000 2588.000000 2588.400000 2588.800000 2588.800000 2588.400000 2588.000000 2587.600000 2587.200000 2586.800000 2586.400000 2586.000000 2586.000000 2586.000000 2585.800000 2585.400000 2585.000000 2584.600000 2584.200000 2583.290000 2581.860000 2580.430000 2559.690000 2538.940000 2512.850000 2481.420000 2449.990000 2423.890000 2397.780000 2378.070000 2364.750000 2351.430000 2337.830000 2324.230000 2314.450000 2308.480000 2302.520000 2297.430000 2292.340000 2286.400000 2279.620000 2272.840000 2266.960000
2590.400000 2590.400000 2590.400000 2590.400000 2590.400000 2590.400000 2590.400000 2590.400000 2590.000000 2590.000000 2590.000000 2590.000000 2590.000000 2590.000000 2590.400000 2590.600000 2590.400000 2590.000000 2589.600000 2589.200000 2588.800000 2588.400000 2588.000000 2586.800000 2586.800000 2586.200000 2585.400000 2585.000000 2575.840000 2575.440000 2569.470000 2562.980000 2561.550000 2530.190000 2509.450000 2485.870000 2456.950000 2425.510000 2411.060000 2384.960000 2363.540000 2348.520000 2335.200000 2330.620000 2317.020000 2308.220000 2303.240000 2297.280000 2291.330000 2286.240000 2280.330000 2273.570000 2266.790000 2263.470000
2592.800000 2592.800000 2592.800000 2592.800000 2592.800000 2592.800000 2592.800000 2592.800000 2592.400000 2592.000000 2592.000000 2592.000000 2592.000000 2592.000000 2592.000000 2592.200000 2592.200000 2592.000000 2591.600000 2591.200000 2590.800000 2590.400000 2590.000000 2588.800000 2587.600000 2587.000000 2585.800000 2585.000000 2575.840000 2566.690000 2560.710000 2549.160000 2542.670000 2511.310000 2479.950000 2456.370000 2429.960000 2401.040000 2386.590000 2372.130000 2350.720000 2333.990000 2318.970000 2314.390000 2309.810000 2301.010000 2297.010000 2292.030000 2286.090000 2280.140000 2274.230000 2267.490000 2260.740000 2257.420000
2595.400000 2595.400000 2595.400000 2595.400000 2595.400000 2595.400000 2595.400000 2595.400000 2594.800000 2594.400000 2594.000000 2594.000000 2594.000000 2593.800000 2593.800000 2593.800000 2593.800000 2593.800000 2593.600000 2593.200000 2592.600000 2592.200000 2591.800000 2590.400000 2589.200000 2588.440000 2587.240000 2586.040000 2571.280000 2562.130000 2541.070000 2529.510000 2517.960000 2491.000000 2459.640000 2433.150000 2406.740000 2380.320000 2367.290000 2352.840000 2342.730000 2326.000000 2309.270000 2304.400000 2299.820000 2295.540000 2291.540000 2287.540000 2281.030000 2275.080000 2269.760000 2263.020000 2256.280000 2252.340000
2597.800000 2598.200000 2598.200000 2598.200000 2598.200000 2598.200000 2598.200000 2598.200000 2597.400000 2596.800000 2596.400000 2596.000000 2596.000000 2595.600000 2595.400000 2595.400000 2595.400000 2595.400000 2595.400000 2595.200000 2594.600000 2593.800000 2593.400000 2591.800000 2590.400000 2589.640000 2589.320000 2588.120000 2567.760000 2553.000000 2531.940000 2498.980000 2487.430000 2464.850000 2437.890000 2411.400000 2389.780000 2363.370000 2351.760000 2338.730000 2328.620000 2322.840000 2306.120000 2300.940000 2296.070000 2291.780000 2287.790000 2283.790000 2276.720000 2270.210000 2264.880000 2260.170000 2253.430000 2248.870000
2600.200000 2600.600000 2601.000000 2601.000000 2601.000000 2601.000000 2601.000000 2601.000000 2600.200000 2599.400000 2598.800000 2598.400000 2598.000000 2597.600000 2597.200000 2597.000000 2597.000000 2597.000000 2597.000000 2597.000000 2596.600000 2595.800000 2595.000000 2593.400000 2591.800000 2590.840000 2590.520000 2590.200000 2569.840000 2549.480000 2522.820000 2489.850000 2456.890000 2434.320000 2411.750000 2389.650000 2368.040000 2346.420000 2334.810000 2323.200000 2314.500000 2308.730000 2302.960000 2297.790000 2292.620000 2288.030000 2284.040000 2280.040000 2272.970000 2265.900000 2260.000000 2255.290000 2250.580000 2246.020000
2603.200000 2603.800000 2604.200000 2604.600000 2604.600000 2604.400000 2604.200000 2604.200000 2603.000000 2602.200000 2601.400000 2600.800000 2600.400000 2600.000000 2599.600000 2599.200000 2599.000000 2599.000000 2598.600000 2598.600000 2598.200000 2597.400000 2596.600000 2596.870000 2595.270000 2586.610000 2578.580000 2578.260000 2560.350000 2539.990000 2514.800000 2483.310000 2450.350000 2416.790000 2394.210000 2376.660000 2359.580000 2337.970000 2333.090000 2321.480000 2312.040000 2305.520000 2299.750000 2294.800000 2289.630000 2284.730000 2280.420000 2276.420000 2270.060000 2262.990000 2256.800000 2251.790000 2247.080000 2242.240000
2606.000000 2606.800000 2607.400000 2607.800000 2608.200000 2608.000000 2607.600000 2607.400000 2606.200000 2605.000000 2604.200000 2603.400000 2602.800000 2602.400000 2602.000000 2601.600000 2601.200000 2601.000000 2600.600000 2600.200000 2599.800000 2599.000000 2598.200000 2598.470000 2598.740000 2590.080000 2574.350000 2566.320000 2548.410000 2530.500000 2505.310000 2475.300000 2443.810000 2410.250000 2376.680000 2359.130000 2346.590000 2329.520000 2324.640000 2319.760000 2310.330000 2303.060000 2296.540000 2291.600000 2286.650000 2281.750000 2277.120000 2272.810000 2266.440000 2260.080000 2253.890000 2248.590000 2243.580000 2238.740000
